0.000004 0.000004 0.000008 0.000021 0.000024 -0.000003 -0.000037 0.000078 0.000343 0.000286 -0.000065 -0.000445 -0.000081 0.000346 0.000006 -0.000756 -0.001119 -0.000426 -0.000039 
0.000007 0.000011 0.000012 0.000006 0.000034 0.000123 0.000169 0.000068 -0.000242 0.000052 0.000553 0.000742 0.000170 -0.000502 -0.000228 0.000121 0.000203 -0.000182 -0.000327 
0.000011 0.000024 0.000050 0.000091 0.000102 0.000028 0.000100 0.000366 0.000706 0.000399 -0.000204 -0.000218 0.000448 0.001015 0.000356 -0.000125 -0.000200 -0.000001 0.000078 
-0.000001 0.000012 0.000082 0.000200 0.000362 0.000573 0.000605 0.000346 0.000127 0.000639 0.001374 0.000924 0.000103 -0.000434 0.000141 0.000457 0.000274 0.000018 -0.000080 
-0.000139 -0.000215 -0.000130 -0.000001 0.000361 0.001097 0.001584 0.002084 0.002008 0.001267 -0.000038 0.000590 0.001219 0.001080 0.000303 -0.000184 -0.000020 0.000112 0.000107 
-0.000062 -0.000416 -0.001459 -0.002058 -0.001719 -0.000337 0.000797 0.003007 0.003965 0.004203 0.003693 0.002182 0.000568 0.000254 0.000598 0.000679 0.000212 -0.000002 -0.000028 
0.000271 0.000290 -0.000207 -0.002159 -0.007129 -0.011062 -0.009282 -0.001786 0.000384 0.003883 0.005827 0.004958 0.003764 0.001996 0.000665 0.000025 0.000152 0.000166 0.000073 
0.000245 0.001085 0.002567 0.002625 0.000685 -0.005523 -0.018225 -0.032656 -0.024874 -0.010292 -0.000936 0.002588 0.004972 0.003380 0.002083 0.001013 0.000337 0.000036 0.000023 
-0.000028 0.000070 0.001183 0.004857 0.013155 0.012561 0.006649 -0.006245 -0.025230 -0.048440 -0.036111 -0.016246 -0.001727 0.000735 0.001773 0.001339 0.000650 0.000280 0.000084 
-0.000120 -0.000304 -0.000340 0.000075 0.002365 0.012417 0.029185 0.032576 0.018780 0.000004 -0.018773 -0.033926 -0.029178 -0.012410 -0.002358 -0.000013 0.000347 0.000311 0.000127 
-0.000077 -0.000273 -0.000643 -0.001332 -0.001766 -0.000728 0.001735 0.016254 0.036119 0.048448 0.025237 0.006252 -0.006642 -0.012396 -0.013148 -0.004850 -0.001176 -0.000063 0.000035 
-0.000016 -0.000029 -0.000330 -0.001006 -0.002076 -0.003372 -0.004965 -0.002580 0.000943 0.010281 0.024882 0.032663 0.018232 0.005530 -0.000677 -0.002617 -0.002560 -0.001078 -0.000238 
-0.000065 -0.000159 -0.000145 -0.000017 -0.000658 -0.001988 -0.003757 -0.004950 -0.005820 -0.003876 -0.000377 0.001793 0.009289 0.011070 0.007136 0.002166 0.000214 -0.000283 -0.000276 
0.000035 0.000009 -0.000205 -0.000672 -0.000559 -0.000246 -0.000561 -0.002175 -0.003814 -0.004196 -0.003957 -0.003000 -0.000789 0.000345 0.001726 0.002065 0.001466 0.000406 0.000070 
-0.000100 -0.000104 0.000028 0.000191 -0.000295 -0.001072 -0.001212 -0.000583 0.000046 -0.001259 -0.002000 -0.002076 -0.001577 -0.001068 -0.000353 0.000008 0.000137 0.000222 0.000146 
0.000088 -0.000011 -0.000267 -0.000450 -0.000134 0.000441 -0.000096 -0.000917 -0.001367 -0.000627 -0.000120 -0.000338 -0.000598 -0.000566 -0.000355 -0.000192 -0.000075 -0.000005 0.000008 
-0.000071 0.000008 0.000208 0.000133 -0.000348 -0.001007 -0.000441 0.000225 0.000211 -0.000392 -0.000699 -0.000359 -0.000093 -0.000021 -0.000095 -0.000084 -0.000043 -0.000016 -0.000004 
0.000334 0.000189 -0.000195 -0.000114 0.000236 0.000458 -0.000162 -0.000735 -0.000546 -0.000045 0.000249 -0.000060 -0.000162 -0.000115 -0.000026 0.000002 -0.000005 -0.000004 -0.000000 
0.000047 0.000433 0.001127 0.000764 0.000001 -0.000338 0.000088 0.000452 0.000072 -0.000278 -0.000336 -0.000071 0.000044 0.000010 -0.000016 -0.000014 -0.000001 0.000003 0.000003 
