0.000020 0.000020 0.000020 0.000020 0.000020 0.000020 0.000020 0.000020 0.000020 0.000020 0.000020 0.000020 0.000020 0.000020 0.000020 0.000020 0.000020 0.000020 0.000020 
0.000020 0.000020 0.000020 0.000020 0.000020 0.000020 0.000020 0.000020 0.000020 0.000020 0.000020 0.000020 0.000020 0.000020 0.000020 0.000020 0.000020 0.000020 0.000020 
0.000020 0.000020 0.000020 0.000020 0.000020 0.000020 0.000020 0.000020 0.000020 0.000020 0.000020 0.000020 0.000021 0.000023 0.000028 0.000027 0.000035 0.000033 0.000027 
0.000020 0.000020 0.000020 0.000020 0.000020 0.000020 0.000020 0.000020 0.000020 0.000022 0.000023 0.000049 0.000068 0.000064 0.000192 0.000173 0.000150 0.000123 0.000074 
0.000020 0.000020 0.000020 0.000020 0.000020 0.000020 0.000021 0.000023 0.000025 0.000123 0.000178 0.000566 0.000993 0.000965 0.001167 0.000991 0.000569 0.000152 0.000036 
0.000020 0.000020 0.000020 0.000020 0.000021 0.000023 0.000071 0.000195 0.000309 0.001797 0.002933 0.003816 0.005394 0.005258 0.002605 0.000705 0.000043 -0.000280 -0.000226 
0.000020 0.000020 0.000020 0.000022 0.000075 0.000178 0.000742 0.002815 0.004923 0.009588 0.014846 0.016147 0.007156 0.001845 -0.001620 -0.003024 -0.002503 -0.000888 -0.000154 
0.000020 0.000023 0.000047 0.000099 0.000771 0.002347 0.004680 0.012708 0.021880 0.021507 0.010565 0.001713 -0.010269 -0.015076 -0.012665 -0.004164 -0.000570 0.000170 0.000184 
0.000026 0.000041 0.000349 0.001089 0.003380 0.009213 0.018429 0.016068 0.008090 -0.003990 -0.027626 -0.041879 -0.029450 -0.010515 0.000020 0.001440 0.001547 0.000900 0.000277 
0.000099 0.000297 0.001284 0.003937 0.007490 0.006690 0.002716 -0.013462 -0.038838 -0.065470 -0.038838 -0.013462 0.002716 0.006690 0.007490 0.003937 0.001284 0.000297 0.000099 
0.000277 0.000900 0.001547 0.001440 0.000020 -0.010649 -0.029450 -0.041879 -0.027626 -0.003990 0.008090 0.016068 0.018429 0.009213 0.003380 0.001089 0.000349 0.000041 0.000026 
0.000184 0.000170 -0.000570 -0.004164 -0.012665 -0.015076 -0.010269 0.001713 0.010565 0.021545 0.021880 0.012708 0.004680 0.002347 0.000771 0.000099 0.000047 0.000023 0.000020 
-0.000138 -0.000888 -0.002503 -0.003024 -0.001620 0.001845 0.007156 0.016147 0.014846 0.009588 0.004923 0.002815 0.000742 0.000178 0.000075 0.000022 0.000020 0.000020 0.000020 
-0.000226 -0.000293 0.000043 0.000705 0.002605 0.005258 0.005394 0.003816 0.002933 0.001797 0.000319 0.000195 0.000071 0.000023 0.000021 0.000020 0.000020 0.000020 0.000020 
0.000036 0.000152 0.000569 0.000991 0.001167 0.000983 0.000993 0.000566 0.000178 0.000123 0.000025 0.000023 0.000021 0.000020 0.000020 0.000020 0.000020 0.000020 0.000020 
0.000074 0.000123 0.000150 0.000173 0.000192 0.000064 0.000068 0.000049 0.000023 0.000022 0.000020 0.000020 0.000020 0.000020 0.000020 0.000020 0.000020 0.000020 0.000020 
0.000027 0.000033 0.000035 0.000027 0.000028 0.000023 0.000021 0.000020 0.000020 0.000020 0.000020 0.000020 0.000020 0.000020 0.000020 0.000020 0.000020 0.000020 0.000020 
0.000020 0.000020 0.000020 0.000020 0.000020 0.000020 0.000020 0.000020 0.000020 0.000020 0.000020 0.000020 0.000020 0.000020 0.000020 0.000020 0.000020 0.000020 0.000020 
0.000020 0.000020 0.000020 0.000020 0.000020 0.000020 0.000020 0.000020 0.000020 0.000020 0.000020 0.000020 0.000020 0.000020 0.000020 0.000020 0.000020 0.000020 0.000020 
