0.000066 0.000080 0.000057 0.000074 0.000030 0.000009 0.000105 0.000625 0.000074 -0.000477 0.000043 0.000139 0.000118 0.000073 0.000091 0.000067 0.000081 0.000051 0.000079 
0.000052 0.000088 0.000028 0.000073 -0.000041 -0.000095 0.000151 0.001489 0.000072 -0.001345 -0.000007 0.000239 0.000185 0.000071 0.000116 0.000055 0.000092 0.000014 0.000086 
0.000022 0.000106 -0.000034 0.000071 -0.000192 -0.000316 0.000250 0.003329 0.000068 -0.003193 -0.000115 0.000451 0.000328 0.000065 0.000169 0.000030 0.000113 -0.000066 0.000100 
-0.000034 0.000139 -0.000149 0.000066 -0.000476 -0.000730 0.000436 0.006774 0.000060 -0.006654 -0.000315 0.000850 0.000596 0.000055 0.000269 -0.000018 0.000154 -0.000215 0.000127 
-0.000125 0.000192 -0.000337 0.000058 -0.000940 -0.001407 0.000740 0.012419 0.000048 -0.012323 -0.000644 0.001503 0.001035 0.000037 0.000433 -0.000097 0.000221 -0.000459 0.000172 
-0.000255 0.000269 -0.000605 0.000047 -0.001598 -0.002369 0.001171 0.020426 0.000030 -0.020366 -0.001111 0.002430 0.001658 0.000013 0.000665 -0.000208 0.000316 -0.000806 0.000234 
-0.000412 0.000361 -0.000928 0.000034 -0.002393 -0.003531 0.001692 0.030100 0.000009 -0.030082 -0.001674 0.003549 0.002411 -0.000016 0.000946 -0.000343 0.000430 -0.001224 0.000310 
-0.000568 0.000452 -0.001249 0.000021 -0.003183 -0.004685 0.002210 0.039713 -0.000012 -0.039738 -0.002234 0.004661 0.003159 -0.000046 0.001225 -0.000477 0.000544 -0.001640 0.000385 
-0.000685 0.000521 -0.001489 0.000012 -0.003774 -0.005549 0.002597 0.046902 -0.000028 -0.046958 -0.002653 0.005493 0.003718 -0.000068 0.001433 -0.000577 0.000629 -0.001951 0.000441 
-0.000729 0.000546 -0.001579 0.000008 -0.003994 -0.005870 0.002741 0.049577 -0.000034 -0.049645 -0.002809 0.005802 0.003927 -0.000076 0.001511 -0.000614 0.000661 -0.002067 0.000462 
-0.000685 0.000521 -0.001489 0.000012 -0.003774 -0.005549 0.002597 0.046902 -0.000028 -0.046958 -0.002653 0.005493 0.003718 -0.000068 0.001433 -0.000577 0.000629 -0.001951 0.000441 
-0.000568 0.000452 -0.001249 0.000021 -0.003183 -0.004685 0.002210 0.039713 -0.000012 -0.039738 -0.002234 0.004661 0.003159 -0.000046 0.001225 -0.000477 0.000544 -0.001640 0.000385 
-0.000412 0.000361 -0.000928 0.000034 -0.002393 -0.003531 0.001692 0.030100 0.000009 -0.030082 -0.001674 0.003549 0.002411 -0.000016 0.000946 -0.000343 0.000430 -0.001224 0.000310 
-0.000255 0.000269 -0.000605 0.000047 -0.001598 -0.002369 0.001171 0.020426 0.000030 -0.020366 -0.001111 0.002430 0.001658 0.000013 0.000665 -0.000208 0.000316 -0.000806 0.000234 
-0.000125 0.000192 -0.000337 0.000058 -0.000940 -0.001407 0.000740 0.012419 0.000048 -0.012323 -0.000644 0.001503 0.001035 0.000037 0.000433 -0.000097 0.000221 -0.000459 0.000172 
-0.000034 0.000139 -0.000149 0.000066 -0.000476 -0.000730 0.000436 0.006774 0.000060 -0.006654 -0.000315 0.000850 0.000596 0.000055 0.000269 -0.000018 0.000154 -0.000215 0.000127 
0.000022 0.000106 -0.000034 0.000071 -0.000192 -0.000316 0.000250 0.003329 0.000068 -0.003193 -0.000115 0.000451 0.000328 0.000065 0.000169 0.000030 0.000113 -0.000066 0.000100 
0.000052 0.000088 0.000028 0.000073 -0.000041 -0.000095 0.000151 0.001489 0.000072 -0.001345 -0.000007 0.000239 0.000185 0.000071 0.000116 0.000055 0.000092 0.000014 0.000086 
0.000066 0.000080 0.000057 0.000074 0.000030 0.000009 0.000105 0.000625 0.000074 -0.000477 0.000043 0.000139 0.000118 0.000073 0.000091 0.000067 0.000081 0.000051 0.000079 
