0.000000 0.000000 0.000000 0.000000 0.000000 0.000000 0.000000 0.000000 0.000000 0.000000 0.000000 0.000000 0.000000 0.000000 0.000000 0.000000 0.000000 0.000000 0.000000 
0.000000 0.000000 0.000000 0.000000 0.000000 0.000000 0.000000 0.000000 0.000000 0.000000 0.000000 0.000000 0.000000 0.000000 0.000000 0.000000 0.000000 0.000000 0.000000 
0.000000 0.000000 0.000000 0.000000 0.000000 0.000000 0.000000 0.000000 0.000000 0.000000 0.000000 0.000000 0.000000 0.000000 0.000000 0.000000 0.000000 0.000000 0.000000 
0.000000 0.000000 0.000000 0.000000 0.000000 0.000000 0.000000 0.000000 0.000000 0.000000 0.000000 0.000000 0.000000 0.000000 0.000000 0.000000 0.000000 0.000000 0.000000 
0.000000 0.000000 0.000000 0.000001 0.000001 0.000002 0.000004 0.000005 0.000006 0.000006 0.000006 0.000005 0.000004 0.000002 0.000001 0.000001 0.000000 0.000000 0.000000 
0.000004 0.000010 0.000022 0.000045 0.000084 0.000138 0.000203 0.000268 0.000317 0.000335 0.000317 0.000268 0.000203 0.000138 0.000084 0.000045 0.000022 0.000010 0.000004 
0.000066 0.000169 0.000389 0.000801 0.001476 0.002433 0.003589 0.004739 0.005598 0.005918 0.005598 0.004739 0.003589 0.002433 0.001476 0.000801 0.000389 0.000169 0.000066 
0.000300 0.000772 0.001777 0.003659 0.006741 0.011114 0.016398 0.021648 0.025574 0.027035 0.025574 0.021648 0.016398 0.011114 0.006741 0.003659 0.001777 0.000772 0.000300 
0.000000 0.000000 0.000000 0.000000 0.000000 0.000000 0.000000 0.000000 0.000000 0.000000 0.000000 0.000000 0.000000 0.000000 0.000000 0.000000 0.000000 0.000000 0.000000 
-0.000740 -0.001902 -0.004377 -0.009012 -0.016604 -0.027375 -0.040388 -0.053320 -0.062990 -0.066588 -0.062990 -0.053320 -0.040388 -0.027375 -0.016604 -0.009012 -0.004377 -0.001902 -0.000740 
0.000000 0.000000 0.000000 0.000000 0.000000 0.000000 0.000000 0.000000 0.000000 0.000000 0.000000 0.000000 0.000000 0.000000 0.000000 0.000000 0.000000 0.000000 0.000000 
0.000300 0.000772 0.001777 0.003659 0.006741 0.011114 0.016398 0.021648 0.025574 0.027035 0.025574 0.021648 0.016398 0.011114 0.006741 0.003659 0.001777 0.000772 0.000300 
0.000066 0.000169 0.000389 0.000801 0.001476 0.002433 0.003589 0.004739 0.005598 0.005918 0.005598 0.004739 0.003589 0.002433 0.001476 0.000801 0.000389 0.000169 0.000066 
0.000004 0.000010 0.000022 0.000045 0.000084 0.000138 0.000203 0.000268 0.000317 0.000335 0.000317 0.000268 0.000203 0.000138 0.000084 0.000045 0.000022 0.000010 0.000004 
0.000000 0.000000 0.000000 0.000001 0.000001 0.000002 0.000004 0.000005 0.000006 0.000006 0.000006 0.000005 0.000004 0.000002 0.000001 0.000001 0.000000 0.000000 0.000000 
0.000000 0.000000 0.000000 0.000000 0.000000 0.000000 0.000000 0.000000 0.000000 0.000000 0.000000 0.000000 0.000000 0.000000 0.000000 0.000000 0.000000 0.000000 0.000000 
0.000000 0.000000 0.000000 0.000000 0.000000 0.000000 0.000000 0.000000 0.000000 0.000000 0.000000 0.000000 0.000000 0.000000 0.000000 0.000000 0.000000 0.000000 0.000000 
0.000000 0.000000 0.000000 0.000000 0.000000 0.000000 0.000000 0.000000 0.000000 0.000000 0.000000 0.000000 0.000000 0.000000 0.000000 0.000000 0.000000 0.000000 0.000000 
0.000000 0.000000 0.000000 0.000000 0.000000 0.000000 0.000000 0.000000 0.000000 0.000000 0.000000 0.000000 0.000000 0.000000 0.000000 0.000000 0.000000 0.000000 0.000000 
