0.000004 0.000011 0.000026 0.000053 0.000098 0.000161 0.000237 0.000311 0.000366 0.000387 0.000366 0.000311 0.000237 0.000161 0.000098 0.000053 0.000026 0.000011 0.000004 
0.000011 0.000029 0.000067 0.000137 0.000250 0.000408 0.000595 0.000777 0.000910 0.000959 0.000910 0.000777 0.000595 0.000408 0.000250 0.000137 0.000067 0.000029 0.000011 
0.000026 0.000067 0.000152 0.000311 0.000564 0.000910 0.001306 0.001677 0.001939 0.002033 0.001939 0.001677 0.001306 0.000910 0.000564 0.000311 0.000152 0.000067 0.000026 
0.000053 0.000137 0.000311 0.000628 0.001120 0.001761 0.002444 0.003024 0.003394 0.003517 0.003394 0.003024 0.002444 0.001761 0.001120 0.000628 0.000311 0.000137 0.000053 
0.000098 0.000250 0.000564 0.001120 0.001939 0.002903 0.003760 0.004278 0.004447 0.004463 0.004447 0.004278 0.003760 0.002903 0.001939 0.001120 0.000564 0.000250 0.000098 
0.000161 0.000408 0.000910 0.001761 0.002903 0.003989 0.004463 0.004026 0.003108 0.002637 0.003108 0.004026 0.004463 0.003989 0.002903 0.001761 0.000910 0.000408 0.000161 
0.000237 0.000595 0.001306 0.002444 0.003760 0.004463 0.003489 0.000544 -0.002944 -0.004524 -0.002944 0.000544 0.003489 0.004463 0.003760 0.002444 0.001306 0.000595 0.000237 
0.000311 0.000777 0.001677 0.003024 0.004278 0.004026 0.000544 -0.006359 -0.013766 -0.017012 -0.013766 -0.006359 0.000544 0.004026 0.004278 0.003024 0.001677 0.000777 0.000311 
0.000366 0.000910 0.001939 0.003394 0.004447 0.003108 -0.002944 -0.013766 -0.024989 -0.029849 -0.024989 -0.013766 -0.002944 0.003108 0.004447 0.003394 0.001939 0.000910 0.000366 
0.000387 0.000959 0.002033 0.003517 0.004463 0.002637 -0.004524 -0.017012 -0.029849 -0.035390 -0.029849 -0.017012 -0.004524 0.002637 0.004463 0.003517 0.002033 0.000959 0.000387 
0.000366 0.000910 0.001939 0.003394 0.004447 0.003108 -0.002944 -0.013766 -0.024989 -0.029849 -0.024989 -0.013766 -0.002944 0.003108 0.004447 0.003394 0.001939 0.000910 0.000366 
0.000311 0.000777 0.001677 0.003024 0.004278 0.004026 0.000544 -0.006359 -0.013766 -0.017012 -0.013766 -0.006359 0.000544 0.004026 0.004278 0.003024 0.001677 0.000777 0.000311 
0.000237 0.000595 0.001306 0.002444 0.003760 0.004463 0.003489 0.000544 -0.002944 -0.004524 -0.002944 0.000544 0.003489 0.004463 0.003760 0.002444 0.001306 0.000595 0.000237 
0.000161 0.000408 0.000910 0.001761 0.002903 0.003989 0.004463 0.004026 0.003108 0.002637 0.003108 0.004026 0.004463 0.003989 0.002903 0.001761 0.000910 0.000408 0.000161 
0.000098 0.000250 0.000564 0.001120 0.001939 0.002903 0.003760 0.004278 0.004447 0.004463 0.004447 0.004278 0.003760 0.002903 0.001939 0.001120 0.000564 0.000250 0.000098 
0.000053 0.000137 0.000311 0.000628 0.001120 0.001761 0.002444 0.003024 0.003394 0.003517 0.003394 0.003024 0.002444 0.001761 0.001120 0.000628 0.000311 0.000137 0.000053 
0.000026 0.000067 0.000152 0.000311 0.000564 0.000910 0.001306 0.001677 0.001939 0.002033 0.001939 0.001677 0.001306 0.000910 0.000564 0.000311 0.000152 0.000067 0.000026 
0.000011 0.000029 0.000067 0.000137 0.000250 0.000408 0.000595 0.000777 0.000910 0.000959 0.000910 0.000777 0.000595 0.000408 0.000250 0.000137 0.000067 0.000029 0.000011 
0.000004 0.000011 0.000026 0.000053 0.000098 0.000161 0.000237 0.000311 0.000366 0.000387 0.000366 0.000311 0.000237 0.000161 0.000098 0.000053 0.000026 0.000011 0.000004 
