-0.000042 -0.000429 -0.001123 -0.000760 0.000004 0.000343 -0.000084 -0.000448 -0.000067 0.000283 0.000341 0.000075 -0.000040 -0.000006 0.000021 0.000018 0.000005 0.000001 0.000001 
-0.000330 -0.000211 0.000200 0.000119 -0.000232 -0.000506 0.000167 0.000740 0.000551 0.000049 -0.000245 0.000065 0.000167 0.000120 0.000031 0.000003 0.000009 0.000008 0.000005 
0.000076 -0.000004 -0.000203 -0.000128 0.000353 0.001013 0.000446 -0.000221 -0.000207 0.000397 0.000704 0.000364 0.000097 0.000025 0.000099 0.000089 0.000047 0.000021 0.000008 
-0.000083 0.000016 0.000272 0.000455 0.000139 -0.000437 0.000101 0.000922 0.001373 0.000632 0.000125 0.000343 0.000603 0.000571 0.000360 0.000197 0.000079 0.000009 -0.000004 
0.000105 0.000109 -0.000023 -0.000187 0.000300 0.001078 0.001218 0.000588 -0.000041 0.001266 0.002008 0.002084 0.001583 0.001074 0.000358 -0.000003 -0.000133 -0.000218 -0.000142 
-0.000031 -0.000005 0.000209 0.000677 0.000596 0.000251 0.000566 0.002182 0.003695 0.004206 0.003967 0.003008 0.000795 -0.000341 -0.001724 -0.002063 -0.001463 -0.000402 -0.000065 
0.000070 0.000164 0.000149 0.000022 0.000663 0.001995 0.003766 0.004961 0.005832 0.003886 0.000382 -0.001791 -0.009297 -0.011080 -0.007141 -0.002165 -0.000210 0.000287 0.000268 
0.000020 0.000033 0.000335 0.001012 0.002083 0.003381 0.004976 0.002588 -0.000940 -0.010290 -0.024910 -0.032702 -0.018252 -0.005533 0.000683 0.002625 0.002567 0.001084 0.000243 
0.000082 0.000278 0.000648 0.001338 0.001773 0.000733 -0.001732 -0.016271 -0.036162 -0.048508 -0.025266 -0.006256 0.006655 0.012417 0.013170 0.004861 0.001182 0.000067 -0.000031 
0.000124 0.000309 0.000345 -0.000070 -0.002364 -0.012429 -0.029219 -0.032615 -0.018800 0.000001 0.018802 0.032616 0.029221 0.012431 0.002366 0.000072 -0.000343 -0.000307 -0.000123 
0.000033 -0.000066 -0.001180 -0.004859 -0.013168 -0.012574 -0.006653 0.006258 0.025268 0.048509 0.036164 0.016272 0.001734 -0.000732 -0.001771 -0.001337 -0.000647 -0.000276 -0.000080 
-0.000241 -0.001082 -0.002566 -0.002624 -0.000681 0.005534 0.018254 0.032704 0.024912 0.010310 0.000942 -0.002587 -0.004974 -0.003380 -0.002082 -0.001010 -0.000333 -0.000032 -0.000018 
-0.000279 -0.000286 0.000211 0.002167 0.007143 0.011081 0.009299 0.001793 -0.000380 -0.003884 -0.005830 -0.004960 -0.003765 -0.001994 -0.000662 -0.000020 -0.000148 -0.000162 -0.000068 
0.000067 0.000422 0.001465 0.002065 0.001726 0.000342 -0.000793 -0.003007 -0.003966 -0.004204 -0.003822 -0.002180 -0.000564 -0.000250 -0.000563 -0.000675 -0.000208 0.000006 0.000032 
0.000144 0.000220 0.000135 0.000005 -0.000357 -0.001094 -0.001582 -0.002082 -0.002006 -0.001264 0.000043 -0.000586 -0.001216 -0.001077 -0.000299 0.000189 0.000025 -0.000107 -0.000103 
0.000005 -0.000007 -0.000078 -0.000196 -0.000358 -0.000570 -0.000601 -0.000342 -0.000123 -0.000636 -0.001371 -0.000921 -0.000099 0.000439 -0.000137 -0.000453 -0.000270 -0.000014 0.000085 
-0.000007 -0.000019 -0.000046 -0.000087 -0.000098 -0.000023 -0.000096 -0.000362 -0.000703 -0.000395 0.000208 0.000223 -0.000444 -0.001011 -0.000352 0.000130 0.000205 0.000005 -0.000074 
-0.000003 -0.000007 -0.000008 -0.000001 -0.000029 -0.000118 -0.000165 -0.000063 0.000247 -0.000016 -0.000550 -0.000738 -0.000165 0.000456 0.000233 -0.000117 -0.000198 0.000186 0.000332 
0.000001 0.000000 -0.000004 -0.000017 -0.000019 0.000007 0.000041 -0.000074 -0.000339 -0.000282 0.000069 0.000450 0.000085 -0.000341 -0.000002 0.000762 0.001125 0.000431 0.000044 
