-0.000043 -0.000331 0.000075 -0.000084 0.000104 -0.000031 0.000069 0.000019 0.000081 0.000123 0.000032 -0.000242 -0.000280 0.000066 0.000143 0.000005 -0.000007 -0.000004 -0.000000 
-0.000430 -0.000212 -0.000004 0.000015 0.000108 -0.000006 0.000163 0.000033 0.000277 0.000308 -0.000066 -0.001083 -0.000287 0.000403 0.000219 -0.000008 -0.000020 -0.000007 -0.000001 
-0.001124 0.000199 -0.000204 0.000271 -0.000024 0.000209 0.000148 0.000334 0.000648 0.000344 -0.001181 -0.002567 0.000210 0.001464 0.000134 -0.000078 -0.000046 -0.000008 -0.000005 
-0.000761 0.000118 -0.000129 0.000454 -0.000188 0.000676 0.000021 0.001011 0.001337 -0.000071 -0.004860 -0.002624 0.002166 0.002064 0.000004 -0.000196 -0.000088 -0.000002 -0.000017 
0.000003 -0.000232 0.000353 0.000138 0.000300 0.000595 0.000663 0.002082 0.001772 -0.002365 -0.013169 -0.000682 0.007142 0.001725 -0.000357 -0.000359 -0.000098 -0.000030 -0.000020 
0.000342 -0.000507 0.001012 -0.000438 0.001078 0.000250 0.001995 0.003380 0.000733 -0.012430 -0.012416 0.005534 0.011081 0.000342 -0.001073 -0.000571 -0.000024 -0.000119 0.000007 
-0.000085 0.000166 0.000445 0.000100 0.001217 0.000565 0.003766 0.004975 -0.001733 -0.029220 -0.006654 0.018253 0.009298 -0.000794 -0.001583 -0.000602 -0.000096 -0.000166 0.000041 
-0.000449 0.000739 -0.000222 0.000922 0.000587 0.002181 0.004961 0.002588 -0.016272 -0.032616 0.006257 0.032703 0.001792 -0.003007 -0.002083 -0.000342 -0.000363 -0.000064 -0.000074 
-0.000068 0.000551 -0.000208 0.001372 -0.000042 0.003694 0.005831 -0.000941 -0.036163 -0.018801 0.025267 0.024911 -0.000381 -0.003966 -0.002007 -0.000124 -0.000704 0.000246 -0.000340 
0.000282 0.000048 0.000396 0.000636 0.001265 0.004205 0.003885 -0.010309 -0.048508 0.000000 0.048509 0.010291 -0.003885 -0.004205 -0.001265 -0.000631 -0.000396 -0.000017 -0.000282 
0.000340 -0.000246 0.000704 0.000124 0.002007 0.003966 0.000381 -0.024911 -0.025267 0.018801 0.036163 0.000941 -0.005831 -0.003823 0.000042 -0.001372 0.000208 -0.000551 0.000068 
0.000075 0.000064 0.000363 0.000342 0.002083 0.003008 -0.001792 -0.032703 -0.006257 0.032616 0.016272 -0.002587 -0.004961 -0.002181 -0.000587 -0.000921 0.000222 -0.000739 0.000449 
-0.000040 0.000166 0.000096 0.000602 0.001583 0.000794 -0.009298 -0.018253 0.006654 0.029220 0.001733 -0.004975 -0.003766 -0.000565 -0.001217 -0.000100 -0.000445 -0.000166 0.000085 
-0.000007 0.000119 0.000024 0.000571 0.001095 -0.000341 -0.011081 -0.005534 0.012574 0.012430 -0.000732 -0.003380 -0.001995 -0.000250 -0.001078 0.000438 -0.001012 0.000455 -0.000342 
0.000020 0.000030 0.000098 0.000359 0.000358 -0.001725 -0.007142 0.000682 0.013169 0.002365 -0.001772 -0.002082 -0.000663 -0.000564 -0.000300 -0.000138 -0.000353 0.000232 -0.000003 
0.000018 0.000002 0.000088 0.000196 -0.000004 -0.002064 -0.002166 0.002624 0.004860 0.000071 -0.001337 -0.001011 -0.000021 -0.000676 0.000188 -0.000454 0.000129 -0.000118 0.000761 
0.000005 0.000008 0.000046 0.000078 -0.000134 -0.001464 -0.000210 0.002567 0.001181 -0.000344 -0.000648 -0.000334 -0.000148 -0.000208 0.000024 -0.000271 0.000204 -0.000199 0.001124 
0.000001 0.000007 0.000020 0.000008 -0.000219 -0.000421 0.000287 0.001083 0.000066 -0.000308 -0.000277 -0.000033 -0.000163 0.000006 -0.000108 -0.000015 0.000005 0.000186 0.000430 
0.000000 0.000004 0.000007 -0.000005 -0.000143 -0.000066 0.000267 0.000242 -0.000032 -0.000123 -0.000081 -0.000019 -0.000069 0.000032 -0.000104 0.000084 -0.000075 0.000331 0.000043 
