0.000015 0.000015 0.000015 0.000015 0.000015 0.000015 0.000015 0.000015 0.000015 0.000015 0.000015 0.000015 0.000015 0.000015 0.000015 0.000015 0.000015 0.000015 0.000015 
0.000016 0.000016 0.000016 0.000016 0.000016 0.000016 0.000015 0.000015 0.000015 0.000015 0.000015 0.000015 0.000015 0.000015 0.000015 0.000015 0.000015 0.000015 0.000015 
0.000022 0.000029 0.000031 0.000022 0.000023 0.000018 0.000016 0.000016 0.000015 0.000015 0.000015 0.000015 0.000015 0.000015 0.000015 0.000015 0.000015 0.000015 0.000015 
0.000070 0.000119 0.000146 0.000169 0.000189 0.000060 0.000064 0.000045 0.000018 0.000018 0.000016 0.000015 0.000015 0.000015 0.000015 0.000015 0.000015 0.000015 0.000015 
0.000032 0.000148 0.000566 0.000989 0.001166 0.000982 0.000992 0.000563 0.000174 0.000119 0.000021 0.000019 0.000017 0.000015 0.000015 0.000015 0.000015 0.000015 0.000015 
-0.000231 -0.000299 0.000039 0.000702 0.002609 0.005270 0.005407 0.003823 0.002937 0.001798 0.000306 0.000191 0.000067 0.000019 0.000017 0.000015 0.000015 0.000015 0.000015 
-0.000159 -0.000895 -0.002515 -0.003037 -0.001630 0.001847 0.007174 0.016192 0.014887 0.009613 0.004934 0.002819 0.000740 0.000174 0.000071 0.000017 0.000016 0.000016 0.000015 
0.000181 0.000166 -0.000576 -0.004181 -0.012707 -0.015127 -0.010304 0.001714 0.010593 0.021606 0.021942 0.012742 0.004690 0.002349 0.000769 0.000095 0.000042 0.000019 0.000016 
0.000274 0.000899 0.001548 0.001440 0.000015 -0.010686 -0.029544 -0.042011 -0.027715 -0.004007 0.008111 0.016112 0.018481 0.009236 0.003386 0.001088 0.000346 0.000037 0.000022 
0.000095 0.000294 0.001284 0.003944 0.007508 0.006706 0.002720 -0.013507 -0.038960 -0.065673 -0.038960 -0.011817 0.002720 0.006706 0.007508 0.003821 0.001284 0.000294 0.000095 
0.000022 0.000037 0.000346 0.001088 0.003386 0.009236 0.018481 0.016112 0.008111 -0.004007 -0.027715 -0.042011 -0.029544 -0.010551 0.000015 0.001440 0.001548 0.000899 0.000274 
0.000016 0.000019 0.000042 0.000095 0.000769 0.002349 0.004690 0.012742 0.021942 0.021568 0.010593 0.001714 -0.010304 -0.015127 -0.012707 -0.004181 -0.000576 0.000166 0.000181 
0.000015 0.000016 0.000016 0.000017 0.000071 0.000174 0.000740 0.002819 0.004934 0.009613 0.014887 0.016192 0.007174 0.001847 -0.001630 -0.003037 -0.002515 -0.000895 -0.000143 
0.000015 0.000015 0.000015 0.000015 0.000017 0.000019 0.000067 0.000191 0.000316 0.001798 0.002937 0.003823 0.005407 0.005270 0.002609 0.000702 0.000039 -0.000285 -0.000231 
0.000015 0.000015 0.000015 0.000015 0.000015 0.000015 0.000017 0.000019 0.000021 0.000119 0.000174 0.000563 0.000992 0.000963 0.001166 0.000989 0.000566 0.000148 0.000032 
0.000015 0.000015 0.000015 0.000015 0.000015 0.000015 0.000015 0.000015 0.000016 0.000017 0.000018 0.000045 0.000064 0.000060 0.000189 0.000169 0.000146 0.000119 0.000070 
0.000015 0.000015 0.000015 0.000015 0.000015 0.000015 0.000015 0.000015 0.000015 0.000015 0.000015 0.000016 0.000016 0.000018 0.000023 0.000022 0.000031 0.000029 0.000022 
0.000015 0.000015 0.000015 0.000015 0.000015 0.000015 0.000015 0.000015 0.000015 0.000015 0.000015 0.000015 0.000015 0.000016 0.000016 0.000016 0.000016 0.000016 0.000016 
0.000015 0.000015 0.000015 0.000015 0.000015 0.000015 0.000015 0.000015 0.000015 0.000015 0.000015 0.000015 0.000015 0.000015 0.000015 0.000015 0.000015 0.000015 0.000015 
