0.000000 0.000000 0.000000 0.000000 0.000000 0.000000 0.000000 0.000000 0.000000 0.000000 0.000000 0.000000 0.000000 0.000000 0.000000 0.000000 0.000000 
0.000000 0.000000 0.000000 0.000000 0.000000 0.000000 0.000000 0.000000 0.000000 0.000000 0.000000 0.000000 0.000000 0.000000 0.000000 0.000000 0.000000 
0.000000 0.000000 0.000000 0.000000 0.000000 0.000000 0.000000 0.000000 0.000000 0.000000 0.000000 0.000000 0.000000 0.000000 0.000000 0.000000 0.000000 
0.000000 0.000000 0.000000 0.000001 0.000002 0.000003 0.000005 0.000007 0.000007 0.000007 0.000005 0.000003 0.000002 0.000001 0.000000 0.000000 0.000000 
0.000002 0.000008 0.000023 0.000054 0.000112 0.000196 0.000292 0.000371 0.000402 0.000371 0.000292 0.000196 0.000112 0.000054 0.000023 0.000008 0.000002 
0.000042 0.000141 0.000398 0.000960 0.001973 0.003454 0.005152 0.006550 0.007095 0.006550 0.005152 0.003454 0.001973 0.000960 0.000398 0.000141 0.000042 
0.000194 0.000643 0.001820 0.004387 0.009012 0.015778 0.023538 0.029923 0.032415 0.029923 0.023538 0.015778 0.009012 0.004387 0.001820 0.000643 0.000194 
0.000000 0.000000 0.000000 0.000000 0.000000 0.000000 0.000000 0.000000 0.000000 0.000000 0.000000 0.000000 0.000000 0.000000 0.000000 0.000000 0.000000 
-0.000477 -0.001584 -0.004482 -0.010805 -0.022198 -0.038861 -0.057974 -0.073700 -0.079838 -0.073700 -0.057974 -0.038861 -0.022198 -0.010805 -0.004482 -0.001584 -0.000477 
0.000000 0.000000 0.000000 0.000000 0.000000 0.000000 0.000000 0.000000 0.000000 0.000000 0.000000 0.000000 0.000000 0.000000 0.000000 0.000000 0.000000 
0.000194 0.000643 0.001820 0.004387 0.009012 0.015778 0.023538 0.029923 0.032415 0.029923 0.023538 0.015778 0.009012 0.004387 0.001820 0.000643 0.000194 
0.000042 0.000141 0.000398 0.000960 0.001973 0.003454 0.005152 0.006550 0.007095 0.006550 0.005152 0.003454 0.001973 0.000960 0.000398 0.000141 0.000042 
0.000002 0.000008 0.000023 0.000054 0.000112 0.000196 0.000292 0.000371 0.000402 0.000371 0.000292 0.000196 0.000112 0.000054 0.000023 0.000008 0.000002 
0.000000 0.000000 0.000000 0.000001 0.000002 0.000003 0.000005 0.000007 0.000007 0.000007 0.000005 0.000003 0.000002 0.000001 0.000000 0.000000 0.000000 
0.000000 0.000000 0.000000 0.000000 0.000000 0.000000 0.000000 0.000000 0.000000 0.000000 0.000000 0.000000 0.000000 0.000000 0.000000 0.000000 0.000000 
0.000000 0.000000 0.000000 0.000000 0.000000 0.000000 0.000000 0.000000 0.000000 0.000000 0.000000 0.000000 0.000000 0.000000 0.000000 0.000000 0.000000 
0.000000 0.000000 0.000000 0.000000 0.000000 0.000000 0.000000 0.000000 0.000000 0.000000 0.000000 0.000000 0.000000 0.000000 0.000000 0.000000 0.000000 
