0.000004 0.000001 -0.000003 0.000009 0.000147 0.000070 -0.000275 -0.000237 0.000036 0.000128 0.000085 0.000024 0.000074 -0.000027 0.000108 -0.000079 0.000079 -0.000326 -0.000039 
0.000004 -0.000003 -0.000015 -0.000004 0.000223 0.000425 -0.000282 -0.001077 -0.000062 0.000312 0.000281 0.000037 0.000167 -0.000001 0.000112 0.000019 -0.000000 -0.000181 -0.000425 
-0.000000 -0.000004 -0.000042 -0.000074 0.000138 0.001467 0.000215 -0.002559 -0.001175 0.000348 0.000651 0.000338 0.000153 0.000213 -0.000020 0.000275 -0.000200 0.000204 -0.001118 
-0.000013 0.000002 -0.000083 -0.000192 0.000009 0.002066 0.002167 -0.002616 -0.004849 -0.000012 0.001340 0.001014 0.000026 0.000680 -0.000183 0.000458 -0.000124 0.000122 -0.000755 
-0.000016 -0.000026 -0.000094 -0.000354 -0.000353 0.001727 0.007137 -0.000677 -0.013147 -0.002357 0.001774 0.002084 0.000666 0.000599 0.000304 0.000142 0.000357 -0.000228 0.000007 
0.000011 -0.000115 -0.000020 -0.000565 -0.001089 0.000346 0.011070 0.005531 -0.012553 -0.012409 0.000736 0.003380 0.001996 0.000254 0.001081 -0.000433 0.001015 -0.000502 0.000346 
0.000045 -0.000161 -0.000092 -0.000597 -0.001576 -0.000789 0.009290 0.018233 -0.006641 -0.029176 -0.001727 0.004973 0.003765 0.000569 0.001220 0.000104 0.000449 0.000170 -0.000080 
-0.000070 -0.000060 -0.000358 -0.000337 -0.002075 -0.002999 0.001794 0.032664 0.006253 -0.033925 -0.016245 0.002588 0.004958 0.002183 0.000591 0.000925 -0.000217 0.000743 -0.000444 
-0.000335 0.000250 -0.000698 -0.000119 -0.002000 -0.003957 -0.000376 0.024882 0.025238 -0.018772 -0.036110 -0.000935 0.005828 0.003694 -0.000038 0.001375 -0.000203 0.000554 -0.000064 
-0.000278 -0.000044 -0.000391 -0.000631 -0.001259 -0.004195 -0.003875 0.010300 0.048448 0.000004 -0.048439 -0.010273 0.003884 0.004204 0.001268 0.000635 0.000400 0.000053 0.000286 
0.000073 -0.000545 0.000212 -0.001366 0.000047 -0.003813 -0.005819 0.000944 0.036119 0.018781 -0.025229 -0.024873 0.000385 0.003966 0.002008 0.000128 0.000707 -0.000241 0.000344 
0.000453 -0.000734 0.000226 -0.000916 -0.000582 -0.002174 -0.004949 -0.002580 0.016254 0.032576 -0.006244 -0.032655 -0.001785 0.003008 0.002084 0.000346 0.000367 0.000069 0.000079 
0.000089 -0.000161 -0.000440 -0.000095 -0.001211 -0.000560 -0.003756 -0.004964 0.001735 0.029185 0.006650 -0.018224 -0.009281 0.000797 0.001585 0.000606 0.000101 0.000170 -0.000036 
-0.000337 0.000459 -0.001006 0.000442 -0.001072 -0.000246 -0.001987 -0.003371 -0.000727 0.012418 0.012404 -0.005522 -0.011061 -0.000337 0.001076 0.000574 0.000029 0.000123 -0.000002 
0.000002 0.000237 -0.000348 -0.000133 -0.000295 -0.000559 -0.000657 -0.002075 -0.001765 0.002366 0.013156 0.000685 -0.007128 -0.001718 0.000361 0.000363 0.000103 0.000034 0.000025 
0.000764 -0.000113 0.000133 -0.000449 0.000192 -0.000671 -0.000017 -0.001005 -0.001331 0.000075 0.004858 0.002625 -0.002158 -0.002057 0.000000 0.000201 0.000092 0.000007 0.000022 
0.001127 -0.000195 0.000208 -0.000266 0.000029 -0.000204 -0.000144 -0.000329 -0.000642 -0.000339 0.001184 0.002568 -0.000206 -0.001458 -0.000129 0.000083 0.000051 0.000013 0.000009 
0.000434 0.000190 0.000009 -0.000010 -0.000104 0.000010 -0.000158 -0.000028 -0.000272 -0.000303 0.000071 0.001086 0.000291 -0.000398 -0.000214 0.000013 0.000024 0.000012 0.000005 
0.000048 0.000335 -0.000070 0.000088 -0.000099 0.000036 -0.000065 -0.000015 -0.000076 -0.000119 -0.000027 0.000246 0.000271 -0.000061 -0.000138 -0.000000 0.000012 0.000008 0.000005 
